[[[21 27 23]
  [21 27 23]
  [21 27 23]
  ...
  [ 9 25  0]
  [ 4 24  0]
  [ 1 24  0]]

 [[21 27 23]
  [21 27 23]
  [21 27 23]
  ...
  [ 9 25  0]
  [ 7 27  2]
  [ 1 24  0]]

 [[21 27 23]
  [21 27 23]
  [21 27 23]
  ...
  [ 9 25  0]
  [ 8 26  2]
  [ 0 19  0]]

 ...

 [[54 68 79]
  [55 69 78]
  [56 70 79]
  ...
  [79 64 59]
  [80 66 63]
  [92 78 75]]

 [[54 68 79]
  [55 69 78]
  [56 70 79]
  ...
  [90 75 70]
  [86 72 69]
  [85 74 70]]

 [[55 68 77]
  [56 69 78]
  [57 70 79]
  ...
  [89 76 70]
  [88 74 71]
  [85 74 70]]]